4992
nodelay_estimate error  0
naive_nodelay_estimate error  0
siem_single_estimate error  2
estimate_siem_delay error  0
estimate_nosiem_delay error  0
[1.0, 1.0, 1.0, 1.0, 1.0, 1.0, 1.0, 1.0, 1.0, 1.0, 1.0, 1.0, 1.0, 1.0, 1.0, 1.0, 1.0, 1.0, 1.0, 1.0, 1.0, 1.0, 1.0, 1.0, 1.0, 1.0, 1.0, 1.0, 1.0, 1.0, 1.0, 1.0, 1.0, 1.0, 1.0, 1.0, 1.0, 1.0, 1.0]
[0.99, 0.99, 0.99, 0.99, 0.99, 0.99, 0.99, 0.99, 0.99, 0.99, 0.99, 0.99, 0.99, 0.99, 0.99, 0.99, 0.99, 0.99, 0.99, 0.99, 0.99, 0.99, 0.99, 0.99, 0.99, 0.99, 0.99, 0.99, 0.99, 0.99, 0.99, 0.99, 0.99, 0.99, 0.99, 0.99, 0.99, 0.99, 0.99]
iteration: 4993
------------reminder_---------------
93704/49
------------next____________
4993
nodelay_estimate error  0
naive_nodelay_estimate error  0
siem_single_estimate error  9
estimate_siem_delay error  0
estimate_nosiem_delay error  0
[1.0, 1.0, 1.0, 1.0, 1.0, 1.0, 1.0, 1.0, 1.0, 1.0, 1.0, 1.0, 1.0, 1.0, 1.0, 1.0, 1.0, 1.0, 1.0, 1.0, 1.0, 1.0, 1.0, 1.0, 1.0, 1.0, 1.0, 1.0, 1.0, 1.0, 1.0, 1.0, 1.0, 1.0, 1.0, 1.0, 1.0, 1.0, 1.0]
[0.99, 0.99, 0.99, 0.99, 0.99, 0.99, 0.99, 0.99, 0.99, 0.99, 0.99, 0.99, 0.99, 0.99, 0.99, 0.99, 0.99, 0.99, 0.99, 0.99, 0.99, 0.99, 0.99, 0.99, 0.99, 0.99, 0.99, 0.99, 0.99, 0.99, 0.99, 0.99, 0.99, 0.99, 0.99, 0.99, 0.99, 0.99, 0.99]
iteration: 4994
------------reminder_---------------
93705/49
------------next____________
4994
nodelay_estimate error  0
naive_nodelay_estimate error  0
siem_single_estimate error  3
estimate_siem_delay error  0
estimate_nosiem_delay error  0
[1.0, 1.0, 1.0, 1.0, 1.0, 1.0, 1.0, 1.0, 1.0, 1.0, 1.0, 1.0, 1.0, 1.0, 1.0, 1.0, 1.0, 1.0, 1.0, 1.0, 1.0, 1.0, 1.0, 1.0, 1.0, 1.0, 1.0, 1.0, 1.0, 1.0, 1.0, 1.0, 1.0, 1.0, 1.0, 1.0, 1.0, 1.0, 1.0]
[0.99, 0.99, 0.99, 0.99, 0.99, 0.99, 0.99, 0.99, 0.99, 0.99, 0.99, 0.99, 0.99, 0.99, 0.99, 0.99, 0.99, 0.99, 0.99, 0.99, 0.99, 0.99, 0.99, 0.99, 0.99, 0.99, 0.99, 0.99, 0.99, 0.99, 0.99, 0.99, 0.99, 0.99, 0.99, 0.99, 0.99, 0.99, 0.99]
iteration: 4995
------------reminder_---------------
93706/49
------------next____________
4995
nodelay_estimate error  0
naive_nodelay_estimate error  0
siem_single_estimate error  8
estimate_siem_delay error  0
estimate_nosiem_delay error  0
[1.0, 1.0, 1.0, 1.0, 1.0, 1.0, 1.0, 1.0, 1.0, 1.0, 1.0, 1.0, 1.0, 1.0, 1.0, 1.0, 1.0, 1.0, 1.0, 1.0, 1.0, 1.0, 1.0, 1.0, 1.0, 1.0, 1.0, 1.0, 1.0, 1.0, 1.0, 1.0, 1.0, 1.0, 1.0, 1.0, 1.0, 1.0, 1.0]
[0.99, 0.99, 0.99, 0.99, 0.99, 0.99, 0.99, 0.99, 0.99, 0.99, 0.99, 0.99, 0.99, 0.99, 0.99, 0.99, 0.99, 0.99, 0.99, 0.99, 0.99, 0.99, 0.99, 0.99, 0.99, 0.99, 0.99, 0.99, 0.99, 0.99, 0.99, 0.99, 0.99, 0.99, 0.99, 0.99, 0.99, 0.99, 0.99]
iteration: 4996
------------reminder_---------------
93707/49
------------next____________
4996
nodelay_estimate error  0
naive_nodelay_estimate error  0
siem_single_estimate error  4
estimate_siem_delay error  0
estimate_nosiem_delay error  0
[1.0, 1.0, 1.0, 1.0, 1.0, 1.0, 1.0, 1.0, 1.0, 1.0, 1.0, 1.0, 1.0, 1.0, 1.0, 1.0, 1.0, 1.0, 1.0, 1.0, 1.0, 1.0, 1.0, 1.0, 1.0, 1.0, 1.0, 1.0, 1.0, 1.0, 1.0, 1.0, 1.0, 1.0, 1.0, 1.0, 1.0, 1.0, 1.0]
[0.99, 0.99, 0.99, 0.99, 0.99, 0.99, 0.99, 0.99, 0.99, 0.99, 0.99, 0.99, 0.99, 0.99, 0.99, 0.99, 0.99, 0.99, 0.99, 0.99, 0.99, 0.99, 0.99, 0.99, 0.99, 0.99, 0.99, 0.99, 0.99, 0.99, 0.99, 0.99, 0.99, 0.99, 0.99, 0.99, 0.99, 0.99, 0.99]
iteration: 4997
------------reminder_---------------
93708/49
------------next____________
4997
nodelay_estimate error  0
naive_nodelay_estimate error  0
siem_single_estimate error  7
estimate_siem_delay error  0
estimate_nosiem_delay error  0
[1.0, 1.0, 1.0, 1.0, 1.0, 1.0, 1.0, 1.0, 1.0, 1.0, 1.0, 1.0, 1.0, 1.0, 1.0, 1.0, 1.0, 1.0, 1.0, 1.0, 1.0, 1.0, 1.0, 1.0, 1.0, 1.0, 1.0, 1.0, 1.0, 1.0, 1.0, 1.0, 1.0, 1.0, 1.0, 1.0, 1.0, 1.0, 1.0]
[0.99, 0.99, 0.99, 0.99, 0.99, 0.99, 0.99, 0.99, 0.99, 0.99, 0.99, 0.99, 0.99, 0.99, 0.99, 0.99, 0.99, 0.99, 0.99, 0.99, 0.99, 0.99, 0.99, 0.99, 0.99, 0.99, 0.99, 0.99, 0.99, 0.99, 0.99, 0.99, 0.99, 0.99, 0.99, 0.99, 0.99, 0.99, 0.99]
iteration: 4998
------------reminder_---------------
93709/49
------------next____________
4998
nodelay_estimate error  0
naive_nodelay_estimate error  0
siem_single_estimate error  1
estimate_siem_delay error  0
estimate_nosiem_delay error  0
[1.0, 1.0, 1.0, 1.0, 1.0, 1.0, 1.0, 1.0, 1.0, 1.0, 1.0, 1.0, 1.0, 1.0, 1.0, 1.0, 1.0, 1.0, 1.0, 1.0, 1.0, 1.0, 1.0, 1.0, 1.0, 1.0, 1.0, 1.0, 1.0, 1.0, 1.0, 1.0, 1.0, 1.0, 1.0, 1.0, 1.0, 1.0, 1.0]
[0.99, 0.99, 0.99, 0.99, 0.99, 0.99, 0.99, 0.99, 0.99, 0.99, 0.99, 0.99, 0.99, 0.99, 0.99, 0.99, 0.99, 0.99, 0.99, 0.99, 0.99, 0.99, 0.99, 0.99, 0.99, 0.99, 0.99, 0.99, 0.99, 0.99, 0.99, 0.99, 0.99, 0.99, 0.99, 0.99, 0.99, 0.99, 0.99]
iteration: 4999
------------reminder_---------------
93710/49
------------next____________
4999
nodelay_estimate_full_wrong  9747
nodelay_estimate_full_error  10083
naive_nodelay_estimate_full_wrong  9747
naive_nodelay_estimate_full_error  10083
delay_estimate_full_wrong  49297
delay_estimate_full_error  54955
nosiem_delay_estimate_full_wrong  170917
nosiem_delay_estimate_full_error  523590
siem_single_estimate_full_wrong  241875
siem_single_estimate_full_error  1195775
delay_nosiem
{0: [0, 4999], 1: [0, 4999], 2: [0, 4999], 3: [1, 4999], 4: [1, 4999], 5: [0, 4999], 6: [0, 4999], 7: [1, 4999], 8: [0, 4999], 9: [0, 4999], 10: [0, 4999], 11: [1, 4999], 12: [1, 4999], 13: [1, 4999], 14: [0, 4999], 15: [0, 4999], 16: [1, 4999], 17: [0, 4999], 18: [0, 4999], 19: [0, 4999], 20: [0, 4999], 21: [0, 4999], 22: [1, 4999], 23: [0, 4999], 24: [1, 4999], 25: [0, 4999], 26: [0, 4999], 27: [0, 4999], 28: [1, 4999], 29: [0, 4999], 30: [0, 4999], 31: [0, 4999], 32: [0, 4999], 33: [1, 4999], 34: [0, 4999], 35: [0, 4999], 36: [0, 4999], 37: [0, 4999], 38: [0, 4999], 39: [0, 4999], 40: [0, 4999], 41: [0, 4999], 42: [1, 4999], 43: [0, 4999], 44: [0, 4999], 45: [1, 4999], 46: [1, 4999], 47: [1, 4999], 48: [1, 4999], 49: [0, 4999]}
average 5000.0
total_iteration 250000
times 93711
