% Path: out1
0, 1, 2, 3, 4, 5, 6, 7, 8, 9, 10, 11, 12, 13, 14, 15, 16, 17, 18, 19

2472.782608695652, 2470.657142857143, 2748.0588235294117, 2461.5476190476193, 2977.8333333333335, 2781.7246376811595, 2827.576923076923, 2619.9791666666665, 2887.681818181818, 2713.8048780487807, 2761.0344827586205, 3132.76, 3068.5833333333335, 2994.6, 3328.076923076923, 3161.135135135135, 2928.0967741935483, 3037.3055555555557, 3328.317073170732,3169.0833333333335
83, 75, 68, 62, 72, 69, 52, 48, 44, 41, 29, 25, 26, 25, 29, 27, 31, 26, 25, 26
1.3752208682321851, 1.7860902360795137, 1.7616217400327439, 1.1346247207232854, 1.8501816766156243, 1.5959372694577647, 1.8083526658158653, 1.094586153180217, 1.8151391433558868, 1.7179989515317236, 1.1479364466477744, 1.2655312522058304, 1.205565556729887, 1.7323880518712471, 1.3969905757139507, 1.6982215236609344, 1.680297112210837, 1.6423175951432922, 1.1885483728928254, 1.855428069924883


% Path: out2
84, 80, 85, 82, 88, 84, 82, 86, 85, 82, 85, 88, 92, 87, 83, 82, 85, 86, 80, 77
2384.1428571428573, 2407.0375, 2428.5176470588235, 2376.109756097561, 2271.659090909091, 2184.154761904762, 2240.609756097561, 2333.546511627907, 2545.6823529411763, 2369.5975609756097, 2317.035294117647, 2451.3522727272725, 2367.4239130434785, 2370.8390804597702, 2192.9518072289156, 2305.5731707317073, 2279.4117647058824, 2041.1279069767443, 2381.4125, 2407.9220779220777
1.092440931400525, 1.1242982063469824, 1.1385994763932947, 1.1395710420008214, 1.1849658069032363, 1.137494166258779, 1.236461513739354, 1.1614168430149463, 1.15301851318155, 1.282131165410758, 1.275845209956145, 1.1810142599716469, 1.0868299113980495, 1.1621448313985627, 1.1908812495788064, 1.2526304099391343, 1.1887217066230216, 1.1866478302113401, 1.1781288606401392, 1.220844828561635

-- Path: -no lazy
2351.9375, 2346.3661971830984, 2747.7727272727275, 2716.597014925373, 2474.575, 2521.837837837838, 2442.0675675675675, 2560.65, 2702.231884057971, 2398.1898734177216, 2439.1022727272725, 2536.3561643835615, 2465.3684210526317, 2706.264705882353, 2602.970588235294, 2681.9125, 2452.0172413793102, 2406.2093023255816, 2572.0813953488373, 2532.1875
80, 71, 66, 67, 80, 74, 74, 40, 69, 79, 88, 73, 76, 68, 68, 80, 58, 86, 86, 80

