estimate_siem_delay error  1
estimate_nosiem_delay error  4
[1.0, 1.0, 1.0, 1.0, 1.0, 1.0, 1.0, 1.0, 1.0, 1.0, 1.0, 1.0, 1.0, 1.0, 1.0, 1.0, 1.0, 1.0, 1.0, 1.0, 1.0, 1.0, 1.0, 1.0, 1.0, 1.0, 1.0, 1.0, 1.0]
[0.99, 0.99, 0.99, 0.99, 0.99, 0.99, 0.99, 0.99, 0.99, 0.99, 0.99, 0.99, 0.99, 0.99, 0.99, 0.99, 0.99, 0.99, 0.99, 0.99, 0.99, 0.99, 0.99, 0.99, 0.99]
iteration: 4992
------------reminder_---------------
112020/49
------------next____________
nodelay_estimate error  0
naive_nodelay_estimate error  0
siem_single_estimate error  10
estimate_siem_delay error  1
estimate_nosiem_delay error  4
[1.0, 1.0, 1.0, 1.0, 1.0, 1.0, 1.0, 1.0, 1.0, 1.0, 1.0, 1.0, 1.0, 1.0, 1.0, 1.0, 1.0, 1.0, 1.0, 1.0, 1.0, 1.0, 1.0, 1.0, 1.0, 1.0, 1.0, 1.0, 1.0]
[0.99, 0.99, 0.99, 0.99, 0.99, 0.99, 0.99, 0.99, 0.99, 0.99, 0.99, 0.99, 0.99, 0.99, 0.99, 0.99, 0.99, 0.99, 0.99, 0.99, 0.99, 0.99, 0.99, 0.99, 0.99]
iteration: 4993
------------reminder_---------------
112020/49
------------next____________
nodelay_estimate error  0
naive_nodelay_estimate error  0
siem_single_estimate error  8
estimate_siem_delay error  0
estimate_nosiem_delay error  4
[1.0, 1.0, 1.0, 1.0, 1.0, 1.0, 1.0, 1.0, 1.0, 1.0, 1.0, 1.0, 1.0, 1.0, 1.0, 1.0, 1.0, 1.0, 1.0, 1.0, 1.0, 1.0, 1.0, 1.0, 1.0, 1.0, 1.0, 1.0, 1.0]
[0.99, 0.99, 0.99, 0.99, 0.99, 0.99, 0.99, 0.99, 0.99, 0.99, 0.99, 0.99, 0.99, 0.99, 0.99, 0.99, 0.99, 0.99, 0.99, 0.99, 0.99, 0.99, 0.99, 0.99, 0.99]
iteration: 4994
------------reminder_---------------
112020/49
------------next____________
nodelay_estimate error  0
naive_nodelay_estimate error  0
siem_single_estimate error  8
estimate_siem_delay error  0
estimate_nosiem_delay error  4
[1.0, 1.0, 1.0, 1.0, 1.0, 1.0, 1.0, 1.0, 1.0, 1.0, 1.0, 1.0, 1.0, 1.0, 1.0, 1.0, 1.0, 1.0, 1.0, 1.0, 1.0, 1.0, 1.0, 1.0, 1.0, 1.0, 1.0, 1.0, 1.0]
[0.99, 0.99, 0.99, 0.99, 0.99, 0.99, 0.99, 0.99, 0.99, 0.99, 0.99, 0.99, 0.99, 0.99, 0.99, 0.99, 0.99, 0.99, 0.99, 0.99, 0.99, 0.99, 0.99, 0.99, 0.99]
iteration: 4995
------------reminder_---------------
112020/49
------------next____________
nodelay_estimate error  0
naive_nodelay_estimate error  0
siem_single_estimate error  10
estimate_siem_delay error  1
estimate_nosiem_delay error  4
[1.0, 1.0, 1.0, 1.0, 1.0, 1.0, 1.0, 1.0, 1.0, 1.0, 1.0, 1.0, 1.0, 1.0, 1.0, 1.0, 1.0, 1.0, 1.0, 1.0, 1.0, 1.0, 1.0, 1.0, 1.0, 1.0, 1.0, 1.0, 1.0]
[0.99, 0.99, 0.99, 0.99, 0.99, 0.99, 0.99, 0.99, 0.99, 0.99, 0.99, 0.99, 0.99, 0.99, 0.99, 0.99, 0.99, 0.99, 0.99, 0.99, 0.99, 0.99, 0.99, 0.99, 0.99]
iteration: 4996
------------reminder_---------------
112020/49
------------next____________
nodelay_estimate error  0
naive_nodelay_estimate error  0
siem_single_estimate error  6
estimate_siem_delay error  0
estimate_nosiem_delay error  4
[1.0, 1.0, 1.0, 1.0, 1.0, 1.0, 1.0, 1.0, 1.0, 1.0, 1.0, 1.0, 1.0, 1.0, 1.0, 1.0, 1.0, 1.0, 1.0, 1.0, 1.0, 1.0, 1.0, 1.0, 1.0, 1.0, 1.0, 1.0, 1.0]
[0.99, 0.99, 0.99, 0.99, 0.99, 0.99, 0.99, 0.99, 0.99, 0.99, 0.99, 0.99, 0.99, 0.99, 0.99, 0.99, 0.99, 0.99, 0.99, 0.99, 0.99, 0.99, 0.99, 0.99, 0.99]
iteration: 4997
------------reminder_---------------
112020/49
------------next____________
nodelay_estimate error  0
naive_nodelay_estimate error  0
siem_single_estimate error  5
estimate_siem_delay error  0
estimate_nosiem_delay error  4
[1.0, 1.0, 1.0, 1.0, 1.0, 1.0, 1.0, 1.0, 1.0, 1.0, 1.0, 1.0, 1.0, 1.0, 1.0, 1.0, 1.0, 1.0, 1.0, 1.0, 1.0, 1.0, 1.0, 1.0, 1.0, 1.0, 1.0, 1.0, 1.0]
[0.99, 0.99, 0.99, 0.99, 0.99, 0.99, 0.99, 0.99, 0.99, 0.99, 0.99, 0.99, 0.99, 0.99, 0.99, 0.99, 0.99, 0.99, 0.99, 0.99, 0.99, 0.99, 0.99, 0.99, 0.99]
iteration: 4998
------------reminder_---------------
112020/49
------------next____________
nodelay_estimate error  0
naive_nodelay_estimate error  0
siem_single_estimate error  8
estimate_siem_delay error  0
estimate_nosiem_delay error  4
[1.0, 1.0, 1.0, 1.0, 1.0, 1.0, 1.0, 1.0, 1.0, 1.0, 1.0, 1.0, 1.0, 1.0, 1.0, 1.0, 1.0, 1.0, 1.0, 1.0, 1.0, 1.0, 1.0, 1.0, 1.0, 1.0, 1.0, 1.0, 1.0]
[0.99, 0.99, 0.99, 0.99, 0.99, 0.99, 0.99, 0.99, 0.99, 0.99, 0.99, 0.99, 0.99, 0.99, 0.99, 0.99, 0.99, 0.99, 0.99, 0.99, 0.99, 0.99, 0.99, 0.99, 0.99]
iteration: 4999
------------reminder_---------------
112020/49
------------next____________
nodelay_estimate_full_wrong  31432
nodelay_estimate_full_error  35541
naive_nodelay_estimate_full_wrong  31432
naive_nodelay_estimate_full_error  35541
delay_estimate_full_wrong  63517
delay_estimate_full_error  73693
nosiem_delay_estimate_full_wrong  178614
nosiem_delay_estimate_full_error  578942
siem_single_estimate_full_wrong  244705
siem_single_estimate_full_error  1347385
delay_nosiem
{0: [0, 4999], 1: [1, 4999], 2: [0, 4999], 3: [1, 4999], 4: [1, 4999], 5: [0, 4999], 6: [0, 4999], 7: [0, 4999], 8: [0, 4999], 9: [1, 4999], 10: [0, 4999], 11: [0, 4999], 12: [1, 4999], 13: [1, 4999], 14: [0, 4999], 15: [0, 4999], 16: [0, 4999], 17: [0, 4999], 18: [0, 4999], 19: [0, 4999], 20: [1, 4999], 21: [0, 4999], 22: [1, 4999], 23: [0, 4999], 24: [0, 4999], 25: [0, 4999], 26: [0, 4999], 27: [1, 4999], 28: [0, 4999], 29: [1, 4999], 30: [1, 4999], 31: [1, 4999], 32: [1, 4999], 33: [0, 4999], 34: [0, 4999], 35: [0, 4999], 36: [1, 4999], 37: [0, 4999], 38: [0, 4999], 39: [0, 4999], 40: [1, 4999], 41: [1, 4999], 42: [0, 4999], 43: [1, 4999], 44: [0, 4999], 45: [1, 4999], 46: [0, 4999], 47: [0, 4999], 48: [0, 4999], 49: [1, 4999]}
average 5000.0
total_iteration 250000
times 112020
