estimate_siem_delay error  0
estimate_nosiem_delay error  1
[1.0, 1.0, 1.0, 1.0, 1.0, 1.0, 1.0, 1.0, 1.0, 1.0, 1.0, 1.0, 1.0, 1.0, 1.0, 1.0, 1.0, 1.0, 1.0, 1.0, 1.0, 1.0, 1.0, 1.0, 1.0, 1.0, 1.0, 1.0, 1.0, 1.0, 1.0, 1.0, 1.0, 1.0, 1.0, 1.0, 1.0, 1.0, 1.0, 1.0, 1.0]
[0.99, 0.99, 0.99, 0.99, 0.99, 0.99, 0.99, 0.99, 0.99, 0.99, 0.99, 0.99, 0.99, 0.99, 0.99, 0.99, 0.99, 0.99, 0.99, 0.99, 0.99, 0.99, 0.99, 0.99, 0.99, 0.99, 0.99, 0.99, 0.99, 0.99, 0.99, 0.99, 0.99, 0.99, 0.99, 0.99, 0.99, 0.99, 0.99, 0.99]
iteration: 4992
------------reminder_---------------
95493/49
------------next____________
nodelay_estimate error  0
naive_nodelay_estimate error  0
siem_single_estimate error  5
estimate_siem_delay error  1
estimate_nosiem_delay error  1
[1.0, 1.0, 1.0, 1.0, 1.0, 1.0, 1.0, 1.0, 1.0, 1.0, 1.0, 1.0, 1.0, 1.0, 1.0, 1.0, 1.0, 1.0, 1.0, 1.0, 1.0, 1.0, 1.0, 1.0, 1.0, 1.0, 1.0, 1.0, 1.0, 1.0, 1.0, 1.0, 1.0, 1.0, 1.0, 1.0, 1.0, 1.0, 1.0, 1.0, 1.0]
[0.99, 0.99, 0.99, 0.99, 0.99, 0.99, 0.99, 0.99, 0.99, 0.99, 0.99, 0.99, 0.99, 0.99, 0.99, 0.99, 0.99, 0.99, 0.99, 0.99, 0.99, 0.99, 0.99, 0.99, 0.99, 0.99, 0.99, 0.99, 0.99, 0.99, 0.99, 0.99, 0.99, 0.99, 0.99, 0.99, 0.99, 0.99, 0.99, 0.99]
iteration: 4993
------------reminder_---------------
95493/49
------------next____________
nodelay_estimate error  0
naive_nodelay_estimate error  0
siem_single_estimate error  2
estimate_siem_delay error  0
estimate_nosiem_delay error  1
[1.0, 1.0, 1.0, 1.0, 1.0, 1.0, 1.0, 1.0, 1.0, 1.0, 1.0, 1.0, 1.0, 1.0, 1.0, 1.0, 1.0, 1.0, 1.0, 1.0, 1.0, 1.0, 1.0, 1.0, 1.0, 1.0, 1.0, 1.0, 1.0, 1.0, 1.0, 1.0, 1.0, 1.0, 1.0, 1.0, 1.0, 1.0, 1.0, 1.0, 1.0]
[0.99, 0.99, 0.99, 0.99, 0.99, 0.99, 0.99, 0.99, 0.99, 0.99, 0.99, 0.99, 0.99, 0.99, 0.99, 0.99, 0.99, 0.99, 0.99, 0.99, 0.99, 0.99, 0.99, 0.99, 0.99, 0.99, 0.99, 0.99, 0.99, 0.99, 0.99, 0.99, 0.99, 0.99, 0.99, 0.99, 0.99, 0.99, 0.99, 0.99]
iteration: 4994
------------reminder_---------------
95493/49
------------next____________
nodelay_estimate error  0
naive_nodelay_estimate error  0
siem_single_estimate error  5
estimate_siem_delay error  0
estimate_nosiem_delay error  1
[1.0, 1.0, 1.0, 1.0, 1.0, 1.0, 1.0, 1.0, 1.0, 1.0, 1.0, 1.0, 1.0, 1.0, 1.0, 1.0, 1.0, 1.0, 1.0, 1.0, 1.0, 1.0, 1.0, 1.0, 1.0, 1.0, 1.0, 1.0, 1.0, 1.0, 1.0, 1.0, 1.0, 1.0, 1.0, 1.0, 1.0, 1.0, 1.0, 1.0, 1.0]
[0.99, 0.99, 0.99, 0.99, 0.99, 0.99, 0.99, 0.99, 0.99, 0.99, 0.99, 0.99, 0.99, 0.99, 0.99, 0.99, 0.99, 0.99, 0.99, 0.99, 0.99, 0.99, 0.99, 0.99, 0.99, 0.99, 0.99, 0.99, 0.99, 0.99, 0.99, 0.99, 0.99, 0.99, 0.99, 0.99, 0.99, 0.99, 0.99, 0.99]
iteration: 4995
------------reminder_---------------
95493/49
------------next____________
nodelay_estimate error  0
naive_nodelay_estimate error  0
siem_single_estimate error  4
estimate_siem_delay error  0
estimate_nosiem_delay error  1
[1.0, 1.0, 1.0, 1.0, 1.0, 1.0, 1.0, 1.0, 1.0, 1.0, 1.0, 1.0, 1.0, 1.0, 1.0, 1.0, 1.0, 1.0, 1.0, 1.0, 1.0, 1.0, 1.0, 1.0, 1.0, 1.0, 1.0, 1.0, 1.0, 1.0, 1.0, 1.0, 1.0, 1.0, 1.0, 1.0, 1.0, 1.0, 1.0, 1.0, 1.0]
[0.99, 0.99, 0.99, 0.99, 0.99, 0.99, 0.99, 0.99, 0.99, 0.99, 0.99, 0.99, 0.99, 0.99, 0.99, 0.99, 0.99, 0.99, 0.99, 0.99, 0.99, 0.99, 0.99, 0.99, 0.99, 0.99, 0.99, 0.99, 0.99, 0.99, 0.99, 0.99, 0.99, 0.99, 0.99, 0.99, 0.99, 0.99, 0.99, 0.99]
iteration: 4996
------------reminder_---------------
95493/49
------------next____________
nodelay_estimate error  0
naive_nodelay_estimate error  0
siem_single_estimate error  7
estimate_siem_delay error  1
estimate_nosiem_delay error  1
[1.0, 1.0, 1.0, 1.0, 1.0, 1.0, 1.0, 1.0, 1.0, 1.0, 1.0, 1.0, 1.0, 1.0, 1.0, 1.0, 1.0, 1.0, 1.0, 1.0, 1.0, 1.0, 1.0, 1.0, 1.0, 1.0, 1.0, 1.0, 1.0, 1.0, 1.0, 1.0, 1.0, 1.0, 1.0, 1.0, 1.0, 1.0, 1.0, 1.0, 1.0]
[0.99, 0.99, 0.99, 0.99, 0.99, 0.99, 0.99, 0.99, 0.99, 0.99, 0.99, 0.99, 0.99, 0.99, 0.99, 0.99, 0.99, 0.99, 0.99, 0.99, 0.99, 0.99, 0.99, 0.99, 0.99, 0.99, 0.99, 0.99, 0.99, 0.99, 0.99, 0.99, 0.99, 0.99, 0.99, 0.99, 0.99, 0.99, 0.99, 0.99]
iteration: 4997
------------reminder_---------------
95493/49
------------next____________
nodelay_estimate error  0
naive_nodelay_estimate error  0
siem_single_estimate error  6
estimate_siem_delay error  0
estimate_nosiem_delay error  1
[1.0, 1.0, 1.0, 1.0, 1.0, 1.0, 1.0, 1.0, 1.0, 1.0, 1.0, 1.0, 1.0, 1.0, 1.0, 1.0, 1.0, 1.0, 1.0, 1.0, 1.0, 1.0, 1.0, 1.0, 1.0, 1.0, 1.0, 1.0, 1.0, 1.0, 1.0, 1.0, 1.0, 1.0, 1.0, 1.0, 1.0, 1.0, 1.0, 1.0, 1.0]
[0.99, 0.99, 0.99, 0.99, 0.99, 0.99, 0.99, 0.99, 0.99, 0.99, 0.99, 0.99, 0.99, 0.99, 0.99, 0.99, 0.99, 0.99, 0.99, 0.99, 0.99, 0.99, 0.99, 0.99, 0.99, 0.99, 0.99, 0.99, 0.99, 0.99, 0.99, 0.99, 0.99, 0.99, 0.99, 0.99, 0.99, 0.99, 0.99, 0.99]
iteration: 4998
------------reminder_---------------
95493/49
------------next____________
nodelay_estimate error  0
naive_nodelay_estimate error  0
siem_single_estimate error  4
estimate_siem_delay error  0
estimate_nosiem_delay error  1
[1.0, 1.0, 1.0, 1.0, 1.0, 1.0, 1.0, 1.0, 1.0, 1.0, 1.0, 1.0, 1.0, 1.0, 1.0, 1.0, 1.0, 1.0, 1.0, 1.0, 1.0, 1.0, 1.0, 1.0, 1.0, 1.0, 1.0, 1.0, 1.0, 1.0, 1.0, 1.0, 1.0, 1.0, 1.0, 1.0, 1.0, 1.0, 1.0, 1.0, 1.0]
[0.99, 0.99, 0.99, 0.99, 0.99, 0.99, 0.99, 0.99, 0.99, 0.99, 0.99, 0.99, 0.99, 0.99, 0.99, 0.99, 0.99, 0.99, 0.99, 0.99, 0.99, 0.99, 0.99, 0.99, 0.99, 0.99, 0.99, 0.99, 0.99, 0.99, 0.99, 0.99, 0.99, 0.99, 0.99, 0.99, 0.99, 0.99, 0.99, 0.99]
iteration: 4999
------------reminder_---------------
95493/49
------------next____________
nodelay_estimate_full_wrong  55918
nodelay_estimate_full_error  71354
naive_nodelay_estimate_full_wrong  55918
naive_nodelay_estimate_full_error  71354
delay_estimate_full_wrong  64336
delay_estimate_full_error  74714
nosiem_delay_estimate_full_wrong  175921
nosiem_delay_estimate_full_error  569429
siem_single_estimate_full_wrong  245197
siem_single_estimate_full_error  1355050
delay_nosiem
{0: [1, 4999], 1: [0, 4999], 2: [1, 4999], 3: [1, 4999], 4: [1, 4999], 5: [1, 4999], 6: [1, 4999], 7: [1, 4999], 8: [0, 4999], 9: [0, 4999], 10: [0, 4999], 11: [1, 4999], 12: [0, 4999], 13: [1, 4999], 14: [0, 4999], 15: [0, 4999], 16: [0, 4999], 17: [1, 4999], 18: [0, 4999], 19: [1, 4999], 20: [0, 4999], 21: [0, 4999], 22: [1, 4999], 23: [1, 4999], 24: [0, 4999], 25: [0, 4999], 26: [0, 4999], 27: [0, 4999], 28: [1, 4999], 29: [0, 4999], 30: [0, 4999], 31: [1, 4999], 32: [0, 4999], 33: [0, 4999], 34: [1, 4999], 35: [0, 4999], 36: [0, 4999], 37: [0, 4999], 38: [0, 4999], 39: [0, 4999], 40: [1, 4999], 41: [0, 4999], 42: [1, 4999], 43: [0, 4999], 44: [0, 4999], 45: [1, 4999], 46: [0, 4999], 47: [0, 4999], 48: [0, 4999], 49: [1, 4999]}
average 5000.0
total_iteration 250000
times 95493
